((("get_speed" .
   [0 0 0 1 1 0 0 0 0])
  ("set_speed" .
   [0 0 0 0 0 0 0 1 0])
  ("fill" .
   [1 0 0 1])
  ("is_full" .
   [0 0 0 1 0 0 0])
  ("blender" .
   [0 1 1 2 0 0 0])
  ("Blender" .
   [0 1 1 0 1 0 0])
  ("main" .
   [1 0 0 0])
  ("speed" .
   [0 0 1 4 0])
  ("return" .
   [0 0 1 0 0 0])
  ("False" .
   [0 1 0 1 0])
  ("full" .
   [4 0 0 1])
  ("def" .
   [0 0 1])
  ("self" .
   [11 0 5 4])
  ("True" .
   [0 0 1 0])
  ("raise" .
   [0 0 2 1 0])
  ("ValueError" .
   [0 0 3 0 1 0 0 0 0 0])
  ("os" .
   [1 0])))
